input = E:\7.mp4
ctest = 0.12345678
fx = 0.234
fy = 1.234
ox = 123
oy = 12